44.64
56.16
49.2
56.28
52.92
49.56
52.44
52.92
49.44
56.16
54
52.68
55.2
52.8
56.16
53.16
55.92
56.04
56.52
50.28
51.96
56.16
45.6
52.68
56.52
56.04
54.12
53.04
56.16
56.16
45.84
47.16
49.32
49.68
56.52
49.2
54.36
56.16
52.92
56.04
56.28
56.16
56.16
49.68
53.28
52.8
56.04
51.72
52.92
49.44
46.8
48.36
51.24
49.56
52.44
56.4
56.4
49.2
56.16
53.04
45.24
56.16
56.28
53.04
55.56
49.2
56.28
52.44
49.56
56.52
56.04
49.68
52.32
48.72
50.64
52.8
56.28
53.16
46.68
56.04
46.44
55.68
55.32
51.84
56.64
53.28
52.68
56.16
55.08
52.44
51.12
52.92
49.32
51.84
50.4
49.08
56.4
46.92
50.4
42.48
56.28
45.48
52.68
56.64
52.8
56.52
56.04
52.8
56.52
49.32
56.04
49.8
45.96
50.4
48.12
49.8
50.28
51.84
52.44
52.8
56.4
56.16
50.76
47.76
51
46.68
51.84
49.08
56.04
56.28
49.44
52.92
55.56
46.92
55.68
46.56
53.04
55.92
52.68
49.32
55.8
52.8
50.28
47.76
54.36
53.64
55.08
52.92
56.16
42.72
49.44
49.44
53.16
52.32
54.24
52.8
53.16
56.4
55.8
53.04
54.96
52.56
50.76
56.52
49.44
56.16
49.44
52.8
56.28
56.16
49.32
46.56
49.08
55.92
49.32
56.4
56.04
45
56.04
52.32
52.92
52.8
56.16
56.4
55.92
52.68
55.92
48.84
55.92
53.28
49.8
52.68
56.16
56.64
49.44
56.04
50.16
52.08
49.92
53.04
49.56
52.2
55.56
56.28
52.68
49.56
49.44
56.04
52.68
55.92
53.64
52.92
45.96
48.24
55.92
43.2
52.44
54.96
52.68
49.68
41.28
49.32
49.56
52.8
56.64
56.4
53.4
56.04
52.08
55.92
53.28
51.12
52.44
53.04
52.44
52.92
56.4
54.12
48.6
55.92
52.68
55.44
51.12
56.76
45.96
48
53.64
56.64
56.04
49.32
48.96
56.04
55.92
56.28
46.32
52.44
49.32
49.68
53.04
52.56
50.16
48.24
56.28
49.8
55.68
51.84
54.24
55.8
53.88
52.68
56.16
49.68
52.32
49.44
56.28
56.4
51.12
50.64
54.72
56.16
51.24
51.24
49.2
56.16
49.08
52.92
56.28
55.44
52.08
52.68
47.04
54.6
50.28
52.68
56.28
53.04
52.92
52.92
52.92
