46.08
49.56
55.92
52.2
52.8
49.08
53.16
56.28
56.28
53.76
56.28
56.16
55.68
46.08
49.56
55.92
50.16
56.28
50.4
49.68
52.8
56.28
52.92
56.64
53.4
46.44
55.92
52.56
53.04
45.72
55.92
52.8
56.16
49.68
52.2
46.32
53.64
49.56
56.04
56.28
56.28
54.36
55.44
56.4
56.04
54.48
56.16
56.28
49.92
52.56
55.32
51.96
53.4
56.4
56.16
56.16
54.36
56.16
52.68
55.92
56.4
56.16
48.24
55.92
53.04
56.64
56.04
51.96
51.96
52.68
49.8
55.2
54.6
51.12
53.04
56.04
54.6
51.24
49.44
53.04
52.56
49.32
56.28
52.8
56.4
53.16
48.96
52.92
55.92
52.8
52.8
49.92
50.16
49.08
52.8
56.28
56.28
49.32
49.44
56.16
55.92
53.04
55.92
56.16
56.04
56.4
52.68
48.24
48.96
55.08
55.08
52.8
55.68
56.16
56.04
50.04
49.44
47.16
56.52
54.84
46.56
55.92
52.8
56.28
55.8
56.28
56.04
54
53.64
42.12
53.76
46.56
55.56
52.68
53.88
50.16
45.96
50.88
51.24
49.32
52.8
52.68
55.92
55.8
39.24
56.16
49.68
52.68
52.92
56.28
54.6
51.72
44.52
54.48
53.64
53.28
48.36
48.96
54.84
56.28
45.96
56.28
52.68
56.16
56.76
53.88
52.68
55.92
56.16
56.28
56.16
55.92
52.68
49.44
52.56
55.92
56.28
56.52
52.44
55.92
56.4
56.04
56.16
50.4
56.52
53.04
56.04
49.68
49.2
52.44
52.56
56.4
53.64
41.76
49.32
53.04
56.16
49.08
56.28
50.4
51.48
56.52
52.68
52.08
53.4
56.16
56.16
52.92
56.28
56.28
55.2
52.8
49.44
49.44
52.44
53.16
45.84
56.28
49.44
53.04
54.96
54
42.48
48.24
45.84
53.52
52.68
52.56
56.04
52.2
55.8
52.8
56.28
55.92
56.04
49.68
52.92
55.68
52.44
50.64
55.8
55.92
55.68
52.8
45.72
49.44
55.92
52.8
52.68
49.44
55.92
56.4
52.2
53.28
54.24
52.92
56.4
52.92
50.28
39.72
54.48
56.4
55.68
49.32
49.68
56.4
49.32
56.16
55.8
53.04
53.04
55.8
49.44
52.68
50.64
53.04
52.8
52.44
53.16
50.88
47.28
56.16
46.2
55.92
55.44
56.04
56.28
52.92
52.68
52.56
55.44
52.8
52.8
51.6
52.92
56.16
48.6
46.92
49.8
