47.28
49.32
52.8
52.8
49.56
52.44
56.28
53.04
49.2
53.16
56.52
50.04
56.52
47.52
52.68
56.16
48.24
47.88
51.72
52.56
52.68
55.92
53.04
49.44
53.4
54.72
56.28
56.04
56.16
56.52
49.08
55.92
52.92
55.92
49.32
44.4
51.48
48.96
56.16
49.32
53.4
45.6
52.8
49.2
51.72
56.28
53.64
55.08
53.76
52.92
52.68
56.04
55.8
46.08
52.68
56.04
52.8
49.32
49.08
52.44
56.52
54.96
52.92
55.32
52.92
55.8
56.4
52.56
56.64
52.68
53.04
48.84
56.4
56.16
56.16
55.8
53.04
51
53.04
45.96
53.04
48.36
52.68
53.64
56.28
52.56
56.4
49.32
49.56
49.2
56.4
56.04
56.28
52.8
52.8
56.04
55.92
56.16
46.32
52.92
52.68
52.92
52.92
49.08
49.8
52.92
56.52
56.16
55.92
49.44
52.92
56.04
54.96
50.52
53.28
52.8
52.92
45.96
52.44
48.36
49.92
49.2
56.28
55.68
49.56
52.68
52.32
55.32
52.56
56.04
52.56
53.16
49.2
49.92
49.8
56.04
56.04
46.32
49.44
52.56
48.48
51.84
52.68
56.16
51.84
46.56
55.44
56.16
53.04
52.56
56.04
56.4
52.8
51.96
52.8
46.44
52.8
52.32
53.28
56.52
52.8
52.56
46.44
52.92
55.68
49.56
49.44
52.8
53.04
49.92
49.2
52.56
56.04
52.68
52.2
53.04
48.72
49.56
46.56
52.68
55.92
49.68
56.64
52.56
52.8
55.08
46.8
49.8
50.16
56.28
56.4
51
56.04
55.8
52.68
52.92
55.92
49.68
56.16
53.16
52.8
49.8
55.92
56.4
49.92
49.32
56.28
52.92
50.4
54.12
52.68
53.04
53.04
56.28
52.32
52.8
56.28
56.04
54
51.48
52.8
53.04
52.56
56.28
51.24
49.92
56.28
49.08
52.92
51.72
49.08
56.16
54.72
56.16
52.8
43.56
54.96
49.08
49.32
52.92
49.44
52.92
56.4
54.84
51.72
52.2
56.28
52.2
56.16
52.92
56.04
56.16
51.6
49.44
56.16
49.68
56.04
53.16
55.92
56.16
56.16
48.84
52.2
52.92
56.16
52.32
56.52
50.04
55.92
55.92
55.08
56.16
52.56
43.2
55.8
45.48
56.04
52.92
52.92
52.92
56.04
48.12
49.32
53.76
54.84
53.64
55.44
52.68
49.56
55.44
46.8
49.56
49.44
52.56
52.32
52.2
53.16
51.24
52.44
